10 0
8.72154 1
7.44535 2
6.17256 3
4.90137 4
3.6246 5
2.32626 6
0.97312 7
-0.500879 8
-2.23645 9
-4.56656 10
-8.45238 11
-17.8195 12
-60.9685 13
-132.291 14
-115.499 15
-19.6331 16
-6.86141 17
355.845 18
-3.23843 19
-2.80347 20
-2.51019 21
-2.22222 22
-1.86506 23
-1.37278 24
-0.656987 25
0.432754 26
2.18922 27
5.24753 28
11.1499 29
24.0854 30
53.3769 31
91.5195 32
110.472 33
115.267 34
113.527 35
108.684 36
-257.146 37
-262.358 38
-265.95 39
-267.453 40
-266.73 41
-263.766 42
-258.558 43
108.892 44
118.459 45
129.849 46
142.532 47
155.885 48
169.458 49
183.149 50
197.217 51
212.152 52
228.474 53
246.419 54
265.595 55
284.991 56
303.656 57
-38.5735 58
-20.7914 59
-0.973078 60
24.61 61
60.3722 62
101.036 63
133.585 64
-201.819 65
-180.08 66
202.124 67
225.85 68
249.661 69
271.009 70
288.735 71
303.299 72
315.672 73
326.727 74
-22.9072 75
-12.791 76
-2.74424 77
7.11568 78
16.0975 79
21.6278 80
1.5287 81
260.389 82
254.983 83
258.841 84
263.758 85
268.505 86
272.811 87
276.643 88
-79.9624 89
-76.9099 90
-74.1163 91
-71.4596 92
-68.7568 93
-65.6715 94
-61.4311 95
-53.6575 96
-30.9615 97
43.902 98
80.0959 99
89.2074 100
92.1272 101
92.5371 102
91.3793 103
88.8809 104
84.9657 105
79.3458 106
71.5301 107
60.8354 108
46.5529 109
28.4718 110
7.52056 111
-14.76 112
-38.0742 113
-64.1359 114
-94.8888 115
-130.22 116
-201.995 117
43.7931 118
21.3963 119
9.16651 120
0.456414 121
-6.50698 122
-12.5545 123
-18.2018 124
-23.8585 125
-29.9477 126
-37.0562 127
-46.2973 128
-60.7613 129
-94.8433 130
-178.942 131
-219.688 132
-239.861 133
-255.645 134
90.6632 135
78.9548 136
69.3608 137
61.8051 138
56.0689 139
51.9127 140
49.1545 141
47.7091 142
47.6179 143
49.1028 144
52.6772 145
59.3871 146
71.2412 147
91.3085 148
120.159 149
150.604 150
180.682 151
228.605 152
-69.9836 153
-42.6572 154
-30.6669 155
-23.9484 156
-19.5479 157
-16.3263 158
-13.7181 159
-11.3601 160
-8.92692 161
-5.98646 162
-1.7273 163
5.80419 164
21.6834 165
47.2191 166
29.6684 167
-7.7916 168
-15.6628 169
-17.3389 170
-17.7405 171
-17.8435 172
-17.8964 173
-17.9654 174
-18.0513 175
-18.1085 176
-18.0166 177
-17.4707 178
-15.607 179
-9.44264 180
13.771 181
65.4636 182
80.6845 183
69.1186 184
48.3664 185
30.1385 186
17.8555 187
9.85972 188
4.35161 189
0.23511 190
-3.12714 191
-6.14393 192
-9.13579 193
-12.4395 194
-16.5399 195
-22.335 196
-31.8157 197
-49.4863 198
-77.9518 199
-80.6947 200
-9.68116 201
1.22344 202
0.84352 203
-0.90771 204
-2.86184 205
-4.86807 206
-6.97113 207
-9.28006 208
-11.9608 209
-15.2751 210
-19.6799 211
-26.0742 212
-36.4761 213
-56.0089 214
-96.2392 215
-184.679 216
-300.713 217
-324.848 218
24.3716 219
17.8886 220
13.3522 221
9.81058 222
6.77773 223
3.94736 224
1.07454 225
-2.09855 226
-5.92225 227
-10.9756 228
-18.3707 229
-30.4788 230
-52.1109 231
-86.3061 232
-119.84 233
-184.643 234
-315.279 235
35.1559 236
30.1384 237
26.9225 238
24.7104 239
23.148 240
22.054 241
21.3339 242
20.9487 243
20.9092 244
21.2903 245
22.2929 246
24.4519 247
29.5855 248
48.9592 249
152.202 250
182.883 251
196.783 252
-8.82019 253
4.38924 254
7.73049 255
9.73031 256
11.3638 257
12.9766 258
14.8006 259
17.0982 260
20.2928 261
25.2457 262
34.1167 263
53.7309 264
105.38 265
288.975 266
329.793 267
341.638 268
-12.4546 269
-8.89384 270
-6.50628 271
-4.78124 272
-3.46028 273
-2.39445 274
-1.48572 275
-0.654644 276
0.18632 277
1.17759 278
2.63407 279
5.51118 280
14.0951 281
60.5353 282
118.338 283
92.1161 284
39.8043 285
21.9259 286
16.043 287
13.7082 288
12.8353 289
12.7598 290
13.2524 291
14.2714 292
15.9036 293
18.3881 294
22.2292 295
28.4948 296
39.4976 297
59.1349 298
82.1922 299
28.9921 300
-14.5201 301
-14.1794 302
-11.8283 303
-9.77955 304
-8.15092 305
-6.85203 306
-5.79376 307
-4.90929 308
-4.15025 309
-3.48121 310
-2.87577 311
-2.31511 312
-1.79754 313
-1.39955 314
-1.92632 315
-84.9159 316
297.72 317
351.984 318
-3.89228 319
-2.32679 320
-1.37372 321
-0.631298 322
0.0430597 323
0.724958 324
1.47583 325
2.36734 326
3.51104 327
5.11574 328
7.65875 329
12.5839 330
27.9276 331
165.408 332
304.071 333
339.183 334
-13.4076 335
-10.11 336
-8.21232 337
-6.96255 338
-6.06669 339
-5.38502 340
-4.84221 341
-4.39341 342
-4.00946 343
-3.66937 344
-3.35545 345
-3.04804 346
-2.71412 347
-2.26377 348
-1.22726 349
18.5268 350
-0.782496 351
-2.15631 352
-2.06601 353
-1.87116 354
-1.6475 355
-1.39921 356
-1.1168 357
-0.7838 358
-0.373581 359
0.15807 360
0.891258 361
1.98642 362
3.81976 363
7.51605 364
18.3886 365
89.7656 366
138.199 367
-12.1026 368
-10.1529 369
-8.89658 370
-8.16546 371
-7.75862 372
-7.57822 373
-7.58276 374
-7.765 375
-8.14684 376
-8.78672 377
-9.80487 378
-11.4505 379
-14.3031 380
-20.0364 381
-36.1 382
-168.241 383
-320.453 384
19.3887 385
12.7855 386
9.64181 387
7.88912 388
6.84795 389
6.23737 390
5.92885 391
5.86708 392
6.04307 393
6.49139 394
7.3087 395
8.71468 396
11.2482 397
16.5897 398
34.3869 399
200.449 400
321.904 401
-18.1153 402
-12.0868 403
-9.22001 404
-7.56334 405
-6.49719 406
-5.76352 407
-5.23614 408
-4.84596 409
-4.55291 410
-4.33209 411
-4.16937 412
-4.05803 413
-4.00482 414
-4.06903 415
-5.20453 416
355.189 417
-3.74292 418
-3.73594 419
-3.78753 420
-3.87002 421
-3.9839 422
-4.13528 423
-4.33377 424
-4.59461 425
-4.94165 426
-5.41423 427
-6.08201 428
-7.08098 429
-8.71556 430
-11.8399 431
-20.2208 432
-189.056 433
29.3672 434
11.6837 435
6.8516 436
4.61398 437
3.32605 438
2.49005 439
1.90348 440
1.46864 441
1.1321 442
0.861873 443
0.636593 444
0.440021 445
0.255488 446
0.0546064 447
-0.252148 448
-1.31998 449
-56.8841 450
-0.777537 451
-0.255599 452
-0.223333 453
-0.252156 454
-0.293631 455
-0.33766 456
-0.381408 457
-0.424624 458
-0.467963 459
-0.512668 460
-0.561095 461
-0.617497 462
-0.691792 463
-0.81033 464
-1.0804 465
-2.66376 466
-2.09123 467
-0.344381 468
-0.40166 469
-0.456467 470
-0.49708 471
-0.528351 472
-0.553219 473
-0.573424 474
-0.589796 475
-0.602795 476
-0.612364 477
-0.617914 478
-0.617965 479
-0.608693 480
-0.579682 481
-0.488467 482
0.221189 483
358.819 484
-0.934841 485
-0.874009 486
-0.849624 487
-0.837795 488
-0.831538 489
-0.828027 490
-0.825896 491
-0.824366 492
-0.822918 493
-0.821223 494
-0.819011 495
-0.816125 496
-0.812143 497
-0.807085 498
-0.800572 499
-0.792293 500
-0.781936 501
-0.768997 502
-0.752968 503
-0.733057 504
-0.708355 505
-0.677331 506
-0.638217 507
-0.588055 508
-0.522619 509
-0.434972 510
-0.31337 511
-0.135835 512
0.14402 513
0.641969 514
1.75804 515
6.3973 516
-14.63 517
-4.79968 518
-3.29868 519
-2.69545 520
-2.37332 521
-2.17497 522
-2.04233 523
-1.94895 524
-1.88121 525
-1.83147 526
-1.79528 527
-1.77029 528
-1.75564 529
-1.75221 530
-1.76357 531
-1.79249 532
358.722 533
-0.294873 534
-1.26228 535
-1.41222 536
-1.47258 537
-1.50862 538
-1.5373 539
-1.56554 540
-1.59793 541
-1.63869 542
-1.69366 543
-1.77164 544
-1.88835 545
-2.07532 546
-2.40596 547
-3.10017 548
-5.24236 549
216.855 550
3.94569 551
1.69328 552
1.0209 553
0.750114 554
0.653143 555
0.658761 556
0.742355 557
0.89929 558
1.13842 559
1.48254 560
1.97641 561
2.70566 562
3.84988 563
5.84884 564
10.1248 565
25.302 566
-74.839 567
-19.463 568
-11.6891 569
-8.72622 570
-7.177 571
-6.23227 572
-5.60199 573
-5.15717 574
-4.83245 575
-4.59233 576
-4.4175 577
-4.30015 578
-4.24426 579
-4.2764 580
-4.49104 581
-5.34021 582
-13.0261 583
-5.00185 584
-2.83479 585
-2.74649 586
-2.7275 587
-2.69838 588
-2.65329 589
-2.59118 590
-2.50955 591
-2.40333 592
-2.26255 593
-2.06977 594
-1.79152 595
-1.3568 596
-0.588513 597
1.10175 598
7.18558 599
80.0555 600
-4.62447 601
-5.4162 602
-4.99019 603
-4.654 604
-4.40635 605
-4.21284 606
-4.04938 607
-3.89825 608
-3.74381 609
-3.56821 610
-3.34492 611
-3.02551 612
-2.50272 613
-1.47817 614
1.2333 615
15.4393 616
63.8738 617
-1.38106 618
-4.62788 619
-5.12704 620
-5.25523 621
-5.31099 622
-5.36043 623
-5.4244 624
-5.51348 625
-5.63763 626
-5.811 627
-6.05787 628
-6.4247 629
-7.01215 630
-8.08569 631
-10.6292 632
-23.1304 633
8.28569 634
1.22611 635
-0.902803 636
-1.86498 637
-2.40863 638
-2.75451 639
-2.98853 640
-3.14962 641
-3.25528 642
-3.31012 643
-3.30632 644
-3.21638 645
-2.96627 646
-2.33666 647
-0.444692 648
10.1408 649
134.39 650
69.1214 651
3.47621 652
-1.19883 653
-2.503 654
-3.03544 655
-3.27821 656
-3.37179 657
-3.36289 658
-3.26059 659
-3.04979 660
-2.68766 661
-2.08117 662
-1.01939 663
1.0669 664
6.35477 665
33.4713 666
-26.2742 667
-17.462 668
-13.9908 669
-12.4795 670
-11.7291 671
-11.3635 672
-11.2338 673
-11.2753 674
-11.463 675
-11.7967 676
-12.2996 677
-13.0254 678
-14.0835 679
-15.7045 680
-18.4507 681
335.913 682
317.381 683
65.8126 684
13.8811 685
3.58929 686
-0.655628 687
-3.10215 688
-4.81791 689
-6.20436 690
-7.46029 691
-8.71414 692
-10.0778 693
-11.6824 694
-13.7227 695
-16.544 696
-20.8638 697
-28.4697 698
-44.982 699
258.557 700
51.1955 701
27.4365 702
17.5668 703
12.4529 704
9.40218 705
7.42866 706
6.10253 707
5.21622 708
4.66829 709
4.42025 710
4.48299 711
4.92603 712
5.9156 713
7.82339 714
11.5437 715
19.2331 716
-23.52 717
-47.8377 718
-28.3905 719
-21.2192 720
-17.9744 721
-16.3586 722
-15.5957 723
-15.3777 724
-15.5839 725
-16.1961 726
-17.2834 727
-19.0332 728
-21.8622 729
-26.7354 730
-36.1809 731
-57.3024 732
-96.9889 733
-121.995 734
-86.1694 735
-16.5944 736
-7.19738 737
-5.58279 738
-5.50947 739
-5.88767 740
-6.43746 741
-7.08064 742
-7.80851 743
-8.64846 744
-9.66564 745
-10.9936 746
-12.9376 747
-16.399 748
333.939 749
208.173 750
129.188 751
11.3233 752
1.96639 753
-1.49388 754
-3.48599 755
-4.89075 756
-6.01438 757
-6.99821 758
-7.92406 759
-8.85177 760
-9.83956 761
-10.9629 762
-12.3476 763
-14.2565 764
-17.3926 765
-24.4128 766
20.9814 767
7.20669 768
-2.50175 769
-6.3838 770
-8.78999 771
-10.679 772
-12.396 773
-14.1195 774
-15.9809 775
-18.1152 776
-20.702 777
-24.0262 778
-28.6054 779
-35.5199 780
312.567 781
287.585 782
229.551 783
137.319 784
55.7086 785
28.8323 786
16.9243 787
9.90156 788
5.00444 789
1.15932 790
-2.16622 791
-5.30035 792
-8.50308 793
-12.0479 794
-16.3099 795
-21.9292 796
-30.2312 797
-44.6728 798
281.461 799
174.83 800
92.4015 801
54.6592 802
36.565 803
26.5443 804
20.1678 805
15.6614 806
12.205 807
9.36296 808
6.86888 809
4.52741 810
2.15407 811
-0.489799 812
-3.82526 813
-8.8452 814
-18.7946 815
-49.8094 816
-121.376 817
218.961 818
-8.62066 819
2.92379 820
2.37462 821
0.917602 822
-0.716664 823
-2.45578 824
-4.34475 825
-6.47487 826
-8.98582 827
-12.0994 828
-16.197 829
-22.0042 830
-31.0743 831
-47.1944 832
280.362 833
221.866 834
121.222 835
58.4607 836
38.7896 837
29.0818 838
23.0696 839
18.8284 840
15.5434 841
12.7904 842
10.3027 843
7.87004 844
5.26969 845
2.17532 846
-2.07358 847
-9.49977 848
321.759 849
174.659 850
128.263 851
66.9073 852
41.1633 853
31.0512 854
25.8684 855
22.7612 856
20.7391 857
19.3847 858
18.5053 859
18.0191 860
17.9173 861
18.2627 862
19.2248 863
21.1811 864
24.9681 865
-328.54 866
-77.1595 867
-43.1592 868
-20.9931 869
-12.716 870
-9.00468 871
-7.20878 872
-6.42682 873
-6.30475 874
-6.71225 875
-7.64659 876
-9.22355 877
-11.7383 878
-15.8811 879
-23.5165 880
-41.7711 881
247.993 882
156.878 883
76.9625 884
42.6854 885
30.2225 886
24.0156 887
20.304 888
17.8276 889
16.048 890
14.6942 891
13.6111 892
12.6972 893
11.8728 894
11.0539 895
10.1116 896
8.75285 897
5.95017 898
-6.50662 899
-140.917 900
-144.069 901
10.5943 902
12.6985 903
13.0051 904
13.1641 905
13.3695 906
13.6727 907
14.1048 908
14.7015 909
15.517 910
16.6383 911
18.2159 912
20.5342 913
24.2042 914
30.8701 915
-312.541 916
-223.17 917
-139.735 918
-69.8365 919
-33.1374 920
-19.8455 921
-13.5095 922
-9.89684 923
-7.63155 924
-6.15503 925
-5.21461 926
-4.70485 927
-4.62126 928
-5.07501 929
-6.39836 930
-9.51883 931
-17.4101 932
-38.052 933
-30.4155 934
3.29437 935
8.08022 936
8.97952 937
9.37225 938
9.77945 939
10.3247 940
11.0665 941
12.068 942
13.4288 943
15.3211 944
18.0638 945
22.2941 946
29.3715 947
41.5597 948
12.858 949
-41.9511 950
-26.5728 951
-17.8172 952
-12.7363 953
-9.47131 954
-7.18581 955
-5.47294 956
-4.11369 957
-2.97853 958
-1.98348 959
-1.06788 960
-0.181975 961
0.720054 962
1.67735 963
2.65452 964
2.77391 965
-21.1583 966
-54.3097 967
-16.0043 968
-7.44264 969
-3.98894 970
-1.96819 971
-0.487419 972
0.781445 973
2.00629 974
3.30861 975
4.81573 976
6.70784 977
9.30241 978
13.2685 979
20.3369 980
-323.63 981
-277.648 982
-222.578 983
-193.08 984
-24.2755 985
-16.4484 986
-12.8974 987
-10.6594 988
-9.06452 989
-7.83823 990
-6.83833 991
-5.97947 992
-5.20157 993
-4.453 994
-3.67452 995
-2.77007 996
-1.50869 997
1.09025 998
71.5382 999
