78.7842 0
78.1747 1
76.3593 2
73.3754 3
69.2848 4
64.172 5
58.1429 6
51.3219 7
43.851 8
35.8874 9
27.6055 10
19.2114 11
11.0374 12
4.6761 13
7.7415 14
14.738 15
21.619 16
27.9133 17
33.4524 18
38.1358 19
41.8987 20
44.7047 21
46.5441 22
47.4324 23
47.4095 24
46.5389 25
44.9051 26
42.6127 27
39.7837 28
36.5558 29
33.0804 30
29.5208 31
26.0501 32
22.8472 33
20.0862 34
17.9127 35
16.402 36
15.5188 37
15.1165 38
14.9905 39
14.9504 40
14.8651 41
14.6759 42
14.3924 43
14.0808 44
13.8457 45
13.8019 46
14.0356 47
14.5688 48
15.3484 49
16.2633 50
17.176 51
17.9495 52
18.4618 53
18.6144 54
18.3357 55
17.5831 56
16.3453 57
14.6484 58
12.5689 59
10.2694 60
8.10128 61
6.81735 62
7.36467 63
9.61574 64
12.7031 65
16.0507 66
19.3555 67
22.4331 68
25.1567 69
27.4376 70
29.22 71
30.4819 72
31.2375 73
31.5401 74
31.4845 75
31.2058 76
30.8726 77
30.6699 78
30.7686 79
31.2864 80
32.2554 81
33.6109 82
35.2096 83
36.8614 84
38.3621 85
39.5167 86
40.1541 87
40.1337 88
39.3504 89
37.7358 90
35.2593 91
31.9282 92
27.788 93
22.9232 94
17.466 95
11.6373 96
6.06477 97
4.73436 98
9.83655 99
15.9519 100
21.9235 101
27.4274 102
32.2585 103
36.2561 104
39.2923 105
41.2716 106
42.1331 107
41.8518 108
40.4398 109
37.9466 110
34.4573 111
30.0913 112
24.9983 113
19.3559 114
13.3685 115
7.29089 116
2.03676 117
5.2379 118
10.4496 119
15.1065 120
18.9487 121
21.8158 122
23.5907 123
24.1965 124
23.5976 125
21.8023 126
18.8674 127
14.9092 128
10.1582 129
5.3892 130
5.2192 131
10.8658 132
17.645 133
24.5836 134
31.3261 135
37.6117 136
43.2167 137
47.9468 138
51.639 139
54.1665 140
55.441 141
55.4177 142
54.0948 143
51.5155 144
47.7665 145
42.9758 146
37.3105 147
30.9751 148
24.2153 149
17.3435 150
10.8808 151
6.41856 152
7.62549 153
12.1368 154
16.7172 155
20.5591 156
23.3864 157
25.0682 158
25.5494 159
24.8361 160
22.9914 161
20.1403 162
16.4885 163
12.3945 164
8.66861 165
7.38564 166
10.0348 167
14.544 168
19.3409 169
23.7958 170
27.5696 171
30.4316 172
32.2155 173
32.8087 174
32.1513 175
30.2366 176
27.1143 177
22.896 178
17.7764 179
12.1296 180
7.12582 181
7.17881 182
12.6987 183
19.4072 184
26.0561 185
32.184 186
37.4898 187
41.7384 188
44.7454 189
46.3765 190
46.5505 191
45.2438 192
42.4948 193
38.4092 194
33.1723 195
27.0825 196
20.658 197
15.0101 198
12.6613 199
15.6318 200
21.6602 201
28.3943 202
34.7913 203
40.3233 204
44.6567 205
47.5607 206
48.8832 207
48.5438 208
46.5345 209
42.9231 210
37.8622 211
31.6129 212
24.6233 213
17.8133 214
13.5144 215
15.2371 216
21.6878 217
29.5759 218
37.3915 219
44.4366 220
50.2828 221
54.6265 222
57.2524 223
58.0243 224
56.8862 225
53.8672 226
49.0897 227
42.7919 228
35.3811 229
27.6007 230
21.0302 231
18.8124 232
22.9675 233
30.9606 234
40.0815 235
48.9812 236
56.9329 237
63.4623 238
68.2301 239
70.9969 240
71.6117 241
70.0093 242
66.2095 243
60.3153 244
52.5104 245
43.055 246
32.2869 247
20.6524 248
9.072 249
6.97136 250
17.9146 251
29.1858 252
39.4607 253
48.2495 254
55.192 255
60.0103 256
62.5073 257
62.5727 258
60.1889 259
55.4384 260
48.5122 261
39.7374 262
29.674 263
19.5721 264
13.7075 265
18.8768 266
29.9822 267
42.0916 268
53.666 269
63.9559 270
72.4399 271
78.7171 272
82.4856 273
83.5413 274
81.7811 275
77.2068 276
69.9267 277
60.1575 278
48.2287 279
34.6173 280
20.174 281
9.05495 282
17.1108 283
32.1906 284
47.2727 285
61.192 286
73.3061 287
83.1177 288
90.2317 289
94.357 290
95.3156 291
93.0543 292
87.6586 293
79.3721 294
68.6414 295
56.2314 296
43.5723 297
33.7484 298
32.2273 299
40.8175 300
54.6801 301
69.8485 302
84.3553 303
97.0834 304
107.277 305
114.387 306
118.024 307
117.945 308
114.05 309
106.381 310
95.1205 311
80.5812 312
63.2016 313
43.5309 314
22.2313 315
2.20524 316
22.8215 317
44.7342 318
65.3581 319
83.9364 320
99.7923 321
112.336 322
121.084 323
125.678 324
125.897 325
121.669 326
113.076 327
100.356 328
83.8965 329
64.2392 330
42.1079 331
18.8115 332
11.3829 333
34.7165 334
59.254 335
82.5001 336
103.475 337
121.385 338
135.562 339
145.466 340
150.702 341
151.038 342
146.407 343
136.918 344
122.85 345
104.651 346
82.9164 347
58.3791 348
31.8976 349
4.92749 350
23.6058 351
50.314 352
75.2163 353
97.3588 354
115.907 355
130.148 356
139.512 357
143.597 358
142.182 359
135.244 360
122.959 361
105.708 362
84.0799 363
58.9211 364
31.7176 365
12.747 366
34.9154 367
64.7433 368
93.9155 369
120.802 370
144.256 371
163.317 372
177.187 373
185.246 374
187.074 375
182.47 376
171.455 377
154.285 378
131.443 379
103.632 380
71.7865 381
37.2141 382
8.94426 383
39.5348 384
76.0154 385
110.829 386
142.455 387
169.656 388
191.357 389
206.666 390
214.9 391
215.617 392
208.627 393
194.012 394
172.128 395
143.597 396
109.306 397
70.4243 398
28.8071 399
19.6166 400
62.9961 401
106.636 402
147.758 403
184.724 404
216.093 405
240.607 406
257.228 407
265.172 408
263.945 409
253.364 410
233.573 411
205.044 412
168.572 413
125.249 414
76.4435 415
23.7698 416
31.1163 417
86.1306 418
139.418 419
189.012 420
233.034 421
269.746 422
297.617 423
315.38 424
322.09 425
317.153 426
300.37 427
271.95 428
232.516 429
183.098 430
125.117 431
60.413 432
11.3501 433
81.9521 434
154.08 435
223.818 436
288.586 437
345.929 438
393.575 439
429.504 440
452.033 441
459.88 442
452.222 443
428.741 444
389.651 445
335.714 446
268.234 447
189.057 448
100.637 449
12.9871 450
95.7358 451
195.075 452
291.695 453
381.9 454
462.229 455
529.435 456
580.575 457
613.118 458
625.043 459
614.925 460
582.013 461
526.278 462
448.457 463
350.058 464
233.361 465
101.432 466
42.8749 467
193.562 468
347.151 469
498.217 470
641.345 471
771.034 472
881.834 473
968.499 474
1026.15 475
1050.4 476
1037.53 477
984.592 478
889.525 479
751.239 480
569.689 481
345.933 482
82.6755 483
219.698 484
553.308 485
914.792 486
1298.06 487
1696.44 488
2102.71 489
2509.24 490
2908.21 491
3291.75 492
3652.16 493
3982.08 494
4274.69 495
4523.86 496
4724.31 497
4871.76 498
4963.01 499
4996.05 500
4970.09 501
4885.6 502
4744.27 503
4549.03 504
4303.91 505
4013.97 506
3685.18 507
3324.26 508
2938.54 509
2535.73 510
2123.78 511
1710.66 512
1304.2 513
911.843 514
540.576 515
196.853 516
115.738 517
389.169 518
622.327 519
812.362 520
957.932 521
1058.83 522
1115.95 523
1131.2 524
1107.45 525
1048.38 526
958.427 527
842.565 528
706.205 529
555.014 530
394.763 531
231.203 532
70.3758 533
86.1582 534
228.226 535
354.947 536
462.621 537
548.645 538
611.257 539
649.524 540
663.333 541
653.358 542
621.006 543
568.346 544
498.013 545
413.111 546
317.092 547
213.638 548
106.55 549
3.96367 550
103.936 551
200.137 552
286.277 553
359.77 554
418.551 555
461.116 556
486.553 557
494.553 558
485.398 559
459.941 560
419.557 561
366.088 562
301.776 563
229.202 564
151.296 565
72.0061 566
26.6131 567
94.467 568
166.25 569
231.055 570
286.278 571
330.145 572
361.394 573
379.251 574
383.43 575
374.12 576
351.97 577
318.053 578
273.825 579
221.071 580
161.861 581
98.5724 582
35.0862 583
37.309 584
98.2569 585
156.213 586
207.875 587
251.416 588
285.451 589
308.977 590
321.383 591
322.456 592
312.378 593
291.711 594
261.373 595
222.597 596
176.889 597
125.981 598
71.8373 599
17.8916 600
40.9565 601
93.3341 602
141.96 603
184.888 604
220.689 605
248.238 606
266.729 607
275.682 608
274.958 609
264.757 610
245.601 611
218.32 612
184.014 613
144.027 614
99.9341 615
53.735 616
14.1419 617
45.2985 618
89.1468 619
129.824 620
165.424 621
194.678 622
216.629 623
230.606 624
236.232 625
233.429 626
222.413 627
203.682 628
177.993 629
146.335 630
109.89 631
69.992 632
28.125 633
14.8372 634
56.2309 635
95.4772 636
131.095 637
161.902 638
186.91 639
205.349 640
216.692 641
220.668 642
217.267 643
206.736 644
189.572 645
166.498 646
138.435 647
106.48 648
71.8852 649
36.1838 650
8.50755 651
37.2721 652
69.5701 653
98.6185 654
123.196 655
142.43 656
155.681 657
162.538 658
162.827 659
156.612 660
144.191 661
126.087 662
103.032 663
75.9699 664
46.1632 665
16.9549 666
24.0085 667
55.0352 668
85.8341 669
114.22 670
139.024 671
159.329 672
174.418 673
183.77 674
187.08 675
184.257 676
175.433 677
160.952 678
141.362 679
117.401 680
89.9931 681
60.3134 682
30.4259 683
15.4823 684
39.6818 685
68.1925 686
94.6291 687
117.558 688
136.076 689
149.524 690
157.446 691
159.594 692
155.927 693
146.608 694
131.997 695
112.633 696
89.2215 697
62.6 698
33.7182 699
3.77114 700
26.8247 701
56.2998 702
83.9176 703
108.725 704
129.881 705
146.675 706
158.555 707
165.142 708
166.243 709
161.859 710
152.188 711
137.618 712
118.735 713
96.332 714
71.5209 715
46.2588 716
26.933 717
32.1299 718
54.7032 719
79.5076 720
102.763 721
123.038 722
139.467 723
151.455 724
158.617 725
160.759 726
157.87 727
150.12 728
137.85 729
121.554 730
101.871 731
79.568 732
55.5675 733
31.1951 734
12.1743 735
24.3954 736
46.1251 737
66.5078 738
84.111 739
98.2245 740
108.375 741
114.268 742
115.772 743
112.922 744
105.908 745
95.0715 746
80.8845 747
63.9387 748
44.9288 749
24.6783 750
5.45597 751
18.0141 752
37.5161 753
55.4932 754
71.1367 755
83.8574 756
93.1995 757
98.8411 758
100.602 759
98.4472 760
92.4876 761
82.9739 762
70.2874 763
54.9259 764
37.4893 765
18.6888 766
2.78076 767
20.8161 768
39.5511 769
56.8712 770
72.0926 771
84.6403 772
94.0449 773
99.9567 774
102.158 775
100.572 776
95.2718 777
86.4832 778
74.5998 779
60.2252 780
44.3422 781
29.1219 782
21.5283 783
29.9983 784
46.1248 785
63.2576 786
79.2544 787
93.0741 788
104.025 789
111.606 790
115.473 791
115.428 792
111.419 793
103.54 794
92.032 795
77.2766 796
59.815 797
40.4445 798
21.0103 799
14.1132 800
31.5138 801
52.6722 802
73.251 803
92.1039 804
108.496 805
121.855 806
131.739 807
137.833 808
139.954 809
138.056 810
132.229 811
122.692 812
109.787 813
93.9674 814
75.7792 815
55.848 816
34.8674 817
13.7022 818
8.5475 819
28.1509 820
46.5268 821
62.7265 822
76.2203 823
86.6033 824
93.5885 825
97.0112 826
96.8326 827
93.1408 828
86.1463 829
76.1771 830
63.6721 831
49.1859 832
33.4502 833
17.8779 834
10.5786 835
22.3601 836
37.4648 837
51.6914 838
64.0865 839
74.114 840
81.4044 841
85.7164 842
86.9306 843
85.0485 844
80.1906 845
72.5937 846
62.609 847
50.7093 848
37.541 849
24.2051 850
14.1289 851
16.8005 852
28.2071 853
40.4845 854
51.6248 855
60.8536 856
67.7086 857
71.8875 858
73.2144 859
71.6308 860
67.1919 861
60.0609 862
50.5024 863
38.8724 864
25.6099 865
11.2648 866
4.47012 867
19.2394 868
33.8495 869
47.4596 870
59.546 871
69.6543 872
77.4049 873
82.5031 874
84.7505 875
84.0518 876
80.4192 877
73.9754 878
64.9542 879
53.7085 880
40.7465 881
26.9272 882
14.8593 883
15.2397 884
27.8396 885
42.3428 886
56.2559 887
68.7051 888
79.1416 889
87.1605 890
92.4672 891
94.872 892
94.2907 893
90.7445 894
84.3572 895
75.3499 896
64.0323 897
50.7922 898
36.0811 899
20.4033 900
4.39775 901
11.8987 902
27.3021 903
41.6113 904
54.3448 905
65.0986 906
73.5437 907
79.4355 908
82.6216 909
83.0461 910
80.7517 911
75.8783 912
68.6596 913
59.4191 914
48.5719 915
36.6494 916
24.4433 917
13.9354 918
12.4199 919
21.1351 920
31.5481 921
41.1256 922
49.0984 923
55.0667 924
58.7901 925
60.1425 926
59.1008 927
55.7387 928
50.2231 929
42.81 930
33.8465 931
23.8053 932
13.5408 933
7.17527 934
13.6869 935
23.7788 936
33.5097 937
42.0642 938
49.0028 939
54.0159 940
56.8903 941
57.5059 942
55.8402 943
51.9742 944
46.1054 945
38.5828 946
30.0211 947
21.7265 948
17.0334 949
20.2858 950
29.1464 951
39.6423 952
50.0218 953
59.4385 954
67.3529 955
73.3747 956
77.2205 957
78.7035 958
77.7306 959
74.3023 960
68.5115 961
60.5414 962
50.6631 963
39.2413 964
26.7826 965
14.3151 966
8.21839 967
17.8955 968
30.436 969
42.455 970
53.1945 971
62.2087 972
69.1697 973
73.8404 974
76.0711 975
75.8025 976
73.0642 977
67.9742 978
60.7334 979
51.619 980
40.9738 981
29.1954 982
16.7238 983
4.08099 984
8.5699 985
20.3523 986
31.039 987
40.2203 988
47.5564 989
52.7757 990
55.6833 991
56.168 992
54.2055 993
49.86 994
43.2815 995
34.701 996
24.4233 997
12.8198 998
0.875903 999
