57.6897 0
57.376 1
56.4378 2
54.8837 3
52.7289 4
49.9953 5
46.7124 6
42.9182 7
38.6598 8
33.9939 9
28.9877 10
23.7191 11
18.2775 12
12.7684 13
7.33888 14
2.54823 15
4.04092 16
8.62909 17
12.9747 18
16.8181 19
20.04 20
22.5513 21
24.282 22
25.1814 23
25.2202 24
24.3922 25
22.7189 26
20.2548 27
17.1016 28
13.4506 29
9.74004 30
7.24825 31
8.3084 32
12.4275 33
17.6767 34
23.2286 35
28.7229 36
33.9343 37
38.6896 38
42.8467 39
46.289 40
48.9252 41
50.6908 42
51.5501 43
51.4967 44
50.556 45
48.7844 46
46.2706 47
43.1354 48
39.5321 49
35.6486 50
31.7088 51
27.9744 52
24.7367 53
22.2802 54
20.7971 55
20.2784 56
20.4855 57
21.0539 58
21.631 59
21.9499 60
21.8433 61
21.2334 62
20.1204 63
18.5777 64
16.7569 65
14.9004 66
13.3538 67
12.5174 68
12.6583 69
13.6928 70
15.2458 71
16.892 72
18.2846 73
19.1683 74
19.3597 75
18.7323 76
17.2072 77
14.7503 78
11.3726 79
7.15003 80
2.5353 81
4.448 82
10.6592 83
17.4662 84
24.5603 85
31.7339 86
38.7881 87
45.5288 88
51.7705 89
57.3417 90
62.0908 91
65.8903 92
68.642 93
70.2802 94
70.7735 95
70.1264 96
68.3789 97
65.6056 98
61.9128 99
57.4356 100
52.3324 101
46.7814 102
40.9737 103
35.1084 104
29.3869 105
24.0081 106
19.1629 107
15.0282 108
11.7484 109
9.38849 110
7.85984 111
6.90252 112
6.23221 113
5.75828 114
5.70398 115
6.46458 116
8.17854 117
10.6336 118
13.5352 119
16.6308 120
19.7106 121
22.5957 122
25.1341 123
27.2018 124
28.707 125
29.5951 126
29.8539 127
29.5203 128
28.6854 129
27.5013 130
26.1821 131
24.9951 132
24.2228 133
24.0886 134
24.6694 135
25.8571 136
27.4041 137
29.0091 138
30.3828 139
31.2822 140
31.5217 141
30.9764 142
29.5841 143
27.3517 144
24.37 145
20.8515 146
17.2263 147
14.3479 148
13.5789 149
15.7177 150
19.9546 151
25.1041 152
30.3917 153
35.3401 154
39.6191 155
42.9806 156
45.2352 157
46.2446 158
45.9215 159
44.2294 160
41.1845 161
36.8561 162
31.3692 163
24.9131 164
17.7796 165
10.5946 166
6.25935 167
10.5332 168
17.9772 169
25.5572 170
32.5955 171
38.7508 172
43.7785 173
47.4939 174
49.7674 175
50.5268 176
49.7616 177
47.5273 178
43.9534 179
39.2562 180
33.7693 181
28.0167 182
22.8716 183
19.7412 184
20.0264 185
23.5051 186
28.6172 187
34.0351 188
38.9584 189
42.9028 190
45.557 191
46.723 192
46.2911 193
44.2286 194
40.5756 195
35.4408 196
29.0006 197
21.5053 198
13.3376 199
5.703 200
7.22931 201
15.4675 202
23.8918 203
31.657 204
38.3699 205
43.7316 206
47.5029 207
49.5044 208
49.6199 209
47.8013 210
44.0709 211
38.5226 212
31.3232 213
22.7202 214
13.1058 215
4.30313 216
10.2202 217
21.136 218
32.0564 219
42.3684 220
51.656 221
59.5607 222
65.7748 223
70.0465 224
72.1884 225
72.0844 226
69.6936 227
65.0534 228
58.2783 229
49.5576 230
39.1494 231
27.3746 232
14.6178 233
1.88567 234
12.5103 235
25.7674 236
38.3613 237
49.8581 238
59.8793 239
68.0987 240
74.2519 241
78.1454 242
79.6641 243
78.7752 244
75.5304 245
70.0646 246
62.5916 247
53.3968 248
42.8282 249
31.2855 250
19.21 251
7.11742 252
5.06534 253
15.9227 254
25.6672 255
33.817 256
40.0434 257
44.0947 258
45.8 259
45.0749 260
41.9251 261
36.4475 262
28.8296 263
19.3508 264
8.44904 265
4.60874 266
17.1106 267
30.1878 268
43.033 269
55.1313 270
66.0085 271
75.2335 272
82.4311 273
87.2964 274
89.6067 275
89.231 276
86.1368 277
80.3938 278
72.1773 279
61.7708 280
49.5795 281
36.1932 282
22.7229 283
13.2035 284
17.8553 285
30.2795 286
43.2625 287
55.0972 288
65.0491 289
72.6379 290
77.5215 291
79.4741 292
78.3842 293
74.2545 294
67.2029 295
57.4609 296
45.3721 297
31.4101 298
16.356 299
6.15425 300
19.1626 301
35.2939 302
50.8214 303
64.9473 304
77.0855 305
86.7477 306
93.5398 307
97.1722 308
97.4704 309
94.381 310
87.9765 311
78.4546 312
66.1333 313
51.4439 314
34.9261 315
17.2755 316
3.80716 317
20.1557 318
37.5518 319
53.5527 320
67.4406 321
78.6158 322
86.5753 323
90.9262 324
91.4001 325
87.8652 326
80.3338 327
68.9673 328
54.0793 329
36.1538 330
16.0794 331
9.25547 332
31.5959 333
55.4176 334
78.8808 335
101.058 336
121.115 337
138.287 338
151.897 339
161.382 340
166.307 341
166.389 342
161.506 343
151.707 344
137.209 345
118.397 346
95.8147 347
70.1436 348
42.194 349
12.9629 350
17.2258 351
46.4073 352
74.1399 353
99.411 354
121.336 355
139.137 356
152.171 357
159.95 358
162.161 359
158.681 360
149.585 361
135.142 362
115.816 363
92.2454 364
65.2298 365
35.706 366
4.86318 367
26.7818 368
57.4196 369
86.204 370
112.053 371
133.981 372
151.129 373
162.794 374
168.458 375
167.811 376
160.766 377
147.467 378
128.298 379
103.887 380
75.1566 381
43.6621 382
16.9601 383
35.2913 384
69.9027 385
104.586 386
137.007 387
165.736 388
189.594 389
207.597 390
218.959 391
223.128 392
219.799 393
208.929 394
190.752 395
165.773 396
134.774 397
98.8321 398
59.5218 399
21.8946 400
34.0132 401
75.1416 402
116.102 403
153.935 404
186.972 405
213.849 406
233.434 407
244.847 408
247.482 409
241.036 410
225.523 411
201.281 412
168.968 413
129.545 414
84.251 415
34.5718 416
17.8917 417
71.1822 418
123.508 419
172.941 420
217.621 421
255.809 422
285.948 423
306.725 424
317.121 425
316.462 426
304.444 427
281.165 428
247.133 429
203.276 430
150.967 431
92.2203 432
32.7465 433
47.8986 434
113.351 435
179.219 436
241.247 437
296.782 438
343.511 439
379.403 440
402.758 441
412.257 442
407.031 443
386.695 444
351.381 445
301.76 446
239.035 447
164.948 448
81.9046 449
15.071 450
103.776 451
197.956 452
289.588 453
375.116 454
451.164 455
514.549 456
562.383 457
592.168 458
601.902 459
590.169 460
556.206 461
499.962 462
422.14 463
324.206 464
208.398 465
77.8143 466
65.1792 467
214.177 468
365.871 469
514.956 470
656.072 471
783.773 472
892.656 473
977.517 474
1033.51 475
1056.28 476
1042.12 477
988.096 478
892.148 479
753.188 480
571.161 481
347.122 482
83.9034 483
218.823 484
552.262 485
913.526 486
1296.52 487
1694.58 488
2100.51 489
2506.7 490
2905.35 491
3288.6 492
3648.78 493
3978.52 494
4271.03 495
4520.17 496
4720.68 497
4868.27 498
4959.76 499
4993.13 500
4967.58 501
4883.6 502
4742.88 503
4548.34 504
4304 505
4014.93 506
3687.09 507
3327.21 508
2942.58 509
2540.93 510
2130.18 511
1718.31 512
1313.1 513
922.011 514
551.975 515
209.373 516
101.838 517
374.26 518
606.487 519
795.721 520
940.648 521
1041.09 522
1097.95 523
1113.17 524
1089.61 525
1030.99 526
941.711 527
826.758 528
691.526 529
541.661 530
382.907 531
220.973 532
61.8671 533
92.5719 534
232.981 535
357.962 536
463.974 537
548.48 538
609.769 539
646.957 540
659.972 541
649.524 542
617.047 543
564.623 544
494.902 545
410.977 546
316.29 547
214.493 548
109.353 549
6.18636 550
96.6216 551
190.327 552
273.931 553
344.915 554
401.288 555
441.619 556
465.067 557
471.386 558
460.917 559
434.555 560
393.705 561
340.223 562
276.334 563
204.559 564
127.632 565
48.5589 566
31.689 567
106.968 568
177.037 569
239.219 570
291.536 571
332.429 572
360.774 573
375.911 574
377.649 575
366.263 576
342.475 577
307.419 578
262.596 579
209.824 580
151.197 581
89.1702 582
28.7396 583
43.4212 584
101.981 585
157.037 586
205.556 587
245.807 588
276.509 589
296.764 590
306.073 591
304.326 592
291.808 593
269.171 594
237.414 595
197.844 596
152.037 597
101.845 598
49.78 599
16.5693 600
61.579 601
110.775 602
155.865 603
194.939 604
226.632 605
249.919 606
264.1 607
268.815 608
264.042 609
250.094 610
227.602 611
197.494 612
160.968 613
119.48 614
74.8555 615
30.8522 616
28.2811 617
70.6931 618
113.159 619
151.689 620
184.677 621
210.966 622
229.71 623
240.353 624
242.643 625
236.624 626
222.633 627
201.285 628
173.445 629
140.201 630
102.834 631
62.8326 632
22.5633 633
22.9613 634
61.5174 635
98.0895 636
130.553 637
157.706 638
178.622 639
192.626 640
199.297 641
198.483 642
190.296 643
175.109 644
153.537 645
126.42 646
94.7987 647
59.9198 648
23.6697 649
18.0004 650
53.984 651
89.269 652
121.601 653
149.759 654
172.763 655
189.836 656
200.426 657
204.212 658
201.116 659
191.298 660
175.155 661
153.297 662
126.53 663
95.819 664
62.262 665
27.055 666
8.79413 667
43.5662 668
76.4515 669
106.251 670
131.968 671
152.761 672
167.97 673
177.135 674
180.009 675
176.57 676
167.011 677
151.737 678
131.347 679
106.61 680
78.4406 681
47.8624 682
16.0025 683
16.2486 684
47.3791 685
76.5481 686
102.73 687
125.047 688
142.766 689
155.331 690
162.371 691
163.717 692
159.412 693
149.703 694
135.048 695
116.119 696
93.8312 697
69.5094 698
45.6519 699
29.9796 700
37.2538 701
58.5519 702
81.7571 703
103.236 704
121.499 705
135.662 706
145.15 707
149.615 708
148.923 709
143.136 710
132.505 711
117.456 712
98.5722 713
76.573 714
52.2939 715
26.7096 716
4.16003 717
25.92 718
50.1157 719
72.1684 720
91.2225 721
106.604 722
117.79 723
124.418 724
126.299 725
123.427 726
115.982 727
104.345 728
89.114 729
71.1948 730
52.1216 731
35.4585 732
30.565 733
42.747 734
61.9756 735
81.9602 736
100.364 737
115.979 738
128.016 739
135.93 740
139.37 741
138.172 742
132.346 743
122.075 744
107.701 745
89.7159 746
68.7414 747
45.5278 748
21.0595 749
7.13999 750
30.6834 751
54.6683 752
76.8871 753
96.5092 754
112.862 755
125.403 756
133.726 757
137.574 758
136.846 759
131.602 760
122.055 761
108.569 762
91.6501 763
71.9375 764
50.2311 765
27.7502 766
10.7376 767
24.6546 768
46.289 769
66.9171 770
85.2658 771
100.614 772
112.436 773
120.354 774
124.143 775
123.725 776
119.177 777
110.719 778
98.7167 779
83.6678 780
66.2131 781
47.1943 782
28.0623 783
14.7158 784
23.2951 785
40.8688 786
58.2836 787
73.7897 788
86.6109 789
96.2495 790
102.38 791
104.831 792
103.577 793
98.7451 794
90.6084 795
79.5972 796
66.3275 797
51.7059 798
37.3304 799
26.9137 800
27.1699 801
37.5027 802
51.0457 803
64.3224 804
75.8832 805
84.9487 806
91.0356 807
93.8523 808
93.266 809
89.2886 810
82.0711 811
71.8968 812
59.1829 813
44.5095 814
28.8003 815
14.8422 816
15.7898 817
30.3642 818
46.3997 819
61.4683 820
74.695 821
85.5148 822
93.5174 823
98.4204 824
100.068 825
98.4323 826
93.6155 827
85.8515 828
75.512 829
63.1293 830
49.4779 831
35.8817 832
25.356 833
24.0255 834
32.7006 835
44.9296 836
57.105 837
67.7716 838
76.1726 839
81.8429 840
84.4974 841
83.9965 842
80.3321 843
73.6194 844
64.0888 845
52.0763 846
38.0135 847
22.437 848
6.39341 849
12.0834 850
28.7986 851
44.9602 852
59.8484 853
72.9277 854
83.7467 855
91.9413 856
97.2446 857
99.4961 858
98.646 859
94.7594 860
88.0133 861
78.6953 862
67.2015 863
54.0465 864
39.9205 865
25.9853 866
15.6386 867
17.5776 868
28.3848 869
40.1654 870
50.704 871
59.1893 872
65.1723 873
68.3813 874
68.6795 875
66.0525 876
60.6039 877
52.5523 878
42.2369 879
30.1558 880
17.2603 881
8.66036 882
17.6646 883
31.853 884
46.0443 885
59.2037 886
70.7235 887
80.131 888
87.0512 889
91.2066 890
92.4213 891
90.6259 892
85.8578 893
78.261 894
68.0798 895
55.6517 896
41.3991 897
25.8313 898
9.72645 899
8.37003 900
24.3842 901
39.9505 902
54.2127 903
66.6581 904
76.8652 905
84.4968 906
89.3083 907
91.1546 908
89.9935 909
85.8885 910
79.0049 911
69.6064 912
58.0464 913
44.7651 914
30.3058 915
15.5209 916
6.39399 917
17.9287 918
31.9396 919
44.9349 920
56.2381 921
65.4195 922
72.1636 923
76.2557 924
77.5834 925
76.1385 926
72.0182 927
65.424 928
56.6649 929
46.1704 930
34.5545 931
22.9255 932
14.5782 933
16.9592 934
26.9498 935
38.0932 936
48.4114 937
57.1184 938
63.7501 939
67.9989 940
69.6755 941
68.6988 942
65.0915 943
58.9759 944
50.5688 945
40.1742 946
28.1783 947
15.0784 948
3.05669 949
13.6563 950
27.3723 951
40.4063 952
52.2028 953
62.3185 954
70.3814 955
76.0956 956
79.2501 957
79.7261 958
77.5005 959
72.6473 960
65.3353 961
55.8233 962
44.454 963
31.6525 964
17.9731 965
5.2307 966
12.1876 967
25.72 968
38.5506 969
49.9853 970
59.5702 971
66.9437 972
71.829 973
74.0397 974
73.4855 975
70.1767 976
64.2282 977
55.8644 978
45.4387 979
33.5128 980
21.2754 981
13.3489 982
19.3716 983
32.5365 984
46.6805 985
60.2382 986
72.4825 987
82.9109 988
91.1392 989
96.8808 990
99.9444 991
100.235 992
97.7543 993
92.6003 994
84.9612 995
75.1091 996
63.3898 997
50.2108 998
36.0283 999
